offset:
    x: -0.06
    y: 0.06
    z: 0.07

base2camera:
  degree: 10.300272742216519
  radian: 0.17977367320510337
base2kinect:
  degree: 46.875274361817866
  radian: 0.8181278753894055
camera2kinect:
  degree: 36.575001619601345
  radian: 0.638354202184302
